1 44.43000
1 1.05852
1 1.05852
2 26.34000
2 1.78550
2 .89275
3 20.05000
3 2.34564
3 .78188
4 16.87000
4 2.78779
4 .69694
5 25.23000
5 1.86405
5 .37281
6 23.33000
6 2.01586
6 .33597
7 21.38000
7 2.19972
7 .31424
8 22.23000
8 2.11561
8 .26445
9 21.62000
9 2.17530
9 .24170
10 25.68000
10 1.83138
10 .18313
11 22.53000
11 2.08744
11 .18976
12 21.81000
12 2.15635
12 .17969
13 20.72000
13 2.26979
13 .17459
14 22.06000
14 2.13191
14 .15227
15 24.04000
15 1.95632
15 .13042
1 43.80000
1 1.26674
1 1.26674
2 25.92000
2 2.14056
2 1.07028
3 20.05000
3 2.76725
3 .92241
4 17.01000
4 3.26180
4 .81545
5 25.48000
5 2.17752
5 .43550
6 23.25000
6 2.38638
6 .39773
7 21.56000
7 2.57344
7 .36763
8 23.13000
8 2.39876
8 .29984
9 21.49000
9 2.58182
9 .28686
10 25.45000
10 2.18009
10 .21800
11 23.39000
11 2.37209
11 .21564
12 22.17000
12 2.50263
12 .20855
13 22.21000
13 2.49812
13 .19216
14 22.26000
14 2.49251
14 .17803
15 22.67000
15 2.44743
15 .16316
1 44.41000
1 1.08405
1 1.08405
2 25.70000
2 1.87326
2 .93663
3 20.45000
3 2.35417
3 .78472
4 16.72000
4 2.87935
4 .71983
5 24.83000
5 1.93890
5 .38778
6 23.29000
6 2.06710
6 .34451
7 21.54000
7 2.23504
7 .31929
8 21.96000
8 2.19229
8 .27403
9 20.94000
9 2.29908
9 .25545
10 26.82000
10 1.79503
10 .17950
11 23.52000
11 2.04689
11 .18608
12 21.42000
12 2.24756
12 .18729
13 22.47000
13 2.14254
13 .16481
14 22.36000
14 2.15308
14 .15379
15 25.58000
15 1.88205
15 .12547
1 44.36000
1 1.05454
1 1.05454
2 25.53000
2 1.83233
2 .91616
3 20.02000
3 2.33664
3 .77888
4 16.75000
4 2.79281
4 .69820
5 24.91000
5 1.87794
5 .37558
6 23.33000
6 2.00512
6 .33418
7 21.47000
7 2.17883
7 .31126
8 22.35000
8 2.09304
8 .26163
9 22.13000
9 2.11385
9 .23487
10 23.56000
10 1.98555
10 .19855
11 22.69000
11 2.06168
11 .18742
12 24.92000
12 1.87719
12 .15643
13 23.69000
13 1.97465
13 .15189
14 24.00000
14 1.94915
14 .13922
15 23.73000
15 1.97132
15 .13142
1 44.66000
1 1.03915
1 1.03915
2 31.28000
2 1.48365
2 .74182
3 20.52000
3 2.26163
3 .75387
4 17.99000
4 2.57969
4 .64492
5 25.01000
5 1.85560
5 .37112
6 23.22000
6 1.99865
6 .33310
7 21.68000
7 2.14062
7 .30580
8 21.94000
8 2.11525
8 .26440
9 19.86000
9 2.33679
9 .25964
10 27.56000
10 1.68391
10 .16839
11 22.16000
11 2.09425
11 .19038
12 21.78000
12 2.13079
12 .17756
13 23.08000
13 2.01077
13 .15467
14 24.06000
14 1.92887
14 .13777
15 27.11000
15 1.71186
15 .11412
1 47.12000
1 1.20081
1 1.20081
2 27.25000
2 2.07641
2 1.03820
3 183.09000
3 .30904
3 .10301
4 22.04000
4 2.56725
4 .64181
1 47.33000
1 1.20603
1 1.20603
2 27.40000
2 2.08327
2 1.04163
3 181.88000
3 .31384
3 .10461
4 23.14000
4 2.46680
4 .61670
5 29.16000
5 1.95753
5 .39150
